 PID, Sale_Price
908276150, 73508.5
903451090, 153963.4
527110080, 180959.4
535457010, 139863.0
903484020, 140986.0
905479110, 127582.6
527452310, 133392.6
528228445, 191845.5
923225370, 102434.4
528344040, 320384.2
532377050, 143313.3
535176050, 146770.7
906340100, 339518.5
533212050, 167717.1
909428180, 194633.6
535379110, 135175.5
534250400, 186999.8
527450520, 108531.4
527452150, 138032.3
903225040, 137694.9
911370410, 285544.2
905226080, 168114.0
914467050, 199102.2
908152260, 153888.2
534451170, 83639.7
923228310, 79654.1
910201180, 159435.7
534476100, 134287.4
923225080, 124778.1
906223210, 230055.9
905480150, 89225.6
903452090, 109636.5
527208010, 374010.8
906426090, 166437.8
903231090, 136899.9
535152280, 145166.9
528458180, 216685.1
532354060, 123417.7
909279040, 103938.5
527353060, 248417.3
916176030, 155979.8
533110130, 285700.9
911370450, 274395.0
528118110, 326206.2
528228270, 198002.4
905480240, 97227.2
914460020, 195093.5
534428060, 132162.0
534252240, 159770.4
908102050, 108761.2
914475030, 184403.7
533221040, 174998.3
535451170, 89444.4
905451340, 83732.6
528118040, 411838.6
903200080, 225543.4
527162110, 185528.9
535381040, 151056.6
528174020, 200651.6
534400290, 168818.7
903206070, 138785.6
533252130, 219735.3
906382030, 233772.1
535327200, 133177.6
535455080, 117945.3
527354160, 178343.7
902207120, 95150.5
909282060, 208628.3
902109140, 129085.0
902206270, 138175.7
533250050, 247933.7
909452050, 226650.3
527212060, 379498.6
906394060, 189418.3
534401120, 160270.8
528435010, 227613.7
528315080, 283021.4
909275030, 151861.1
528102010, 372219.4
907200290, 148307.6
902300260, 121739.9
528150110, 355722.0
535450100, 135317.3
907285010, 237167.1
533253210, 184517.0
527301280, 143361.7
905478140, 140566.9
902204080, 88765.6
907201280, 134508.8
905476170, 97259.3
923228210, 81850.0
534226120, 120725.5
527301170, 213648.5
535453040, 129625.2
535150300, 239059.6
528363020, 324496.1
907265100, 207585.7
910200060, 142225.9
532376160, 128278.7
908204180, 59793.5
909282130, 136214.4
528326110, 303208.9
534176230, 156052.0
527302210, 222169.1
526355170, 293044.4
535305180, 144103.9
905452150, 138935.7
902201090, 136589.8
527452190, 144354.7
908275280, 151252.6
527402210, 128516.5
921126010, 302817.1
905109130, 302683.1
535425070, 187049.5
905200290, 159695.5
533253060, 155172.4
535179050, 141314.2
903476100, 84335.2
533135020, 242940.0
527403120, 97831.8
528429080, 268916.9
528354100, 295324.1
902427150, 111468.9
527226040, 177693.0
924100060, 173938.6
531452180, 200607.3
907252050, 200721.6
903236200, 114412.8
910201130, 116767.1
909100080, 98014.6
535402010, 189540.0
528186100, 319481.4
905225020, 171129.9
905201110, 175868.8
527158090, 183583.2
528175010, 210382.4
902401010, 114278.7
534251320, 147967.2
902109120, 132595.5
528290170, 191795.3
534252060, 133294.5
905475510, 98906.5
527425060, 110734.7
534201130, 131700.6
526302110, 115873.2
903430050, 76899.6
902110130, 92064.0
534401110, 153759.1
528231020, 187067.2
531479020, 77608.4
905403060, 120971.9
916326010, 235186.9
527365030, 229179.7
528228295, 219707.6
527455250, 122707.0
916403040, 187751.9
527252090, 320138.4
908225240, 107112.6
528228285, 166272.7
908178050, 260599.1
916326040, 181967.2
916380060, 273432.7
903204010, 136133.9
528144020, 215481.1
906204230, 240595.3
528168030, 290996.2
531369060, 190376.0
535451100, 95995.9
906380010, 196530.1
527450460, 114491.2
534277070, 113300.4
532353050, 131090.5
527105140, 193486.0
908102330, 122437.5
907135230, 157990.6
908250030, 64881.7
902103090, 108907.4
528458120, 254107.2
535425060, 181273.5
527404100, 115621.8
905475160, 122311.8
902100010, 96906.4
534202020, 130225.8
533251110, 320977.8
528435050, 289120.8
914476130, 164856.5
924100050, 148277.9
909428280, 351593.5
906230020, 272315.7
923230180, 136105.6
907420090, 192912.8
534250010, 139075.4
532353020, 122345.1
906380180, 196251.4
531363020, 142565.4
906230010, 294767.9
923225300, 91810.8
527252050, 314142.7
923225440, 77507.0
907280090, 236529.2
527183030, 199345.3
535402220, 185762.3
532376250, 124779.1
914474020, 207046.0
907275090, 222855.5
528138030, 415677.7
908154195, 496530.7
527402240, 173417.2
903228150, 135851.7
531451020, 202445.6
909275250, 156546.5
903484080, 64586.3
534202170, 155795.8
906225180, 217826.7
916460110, 198047.2
528174010, 202198.4
528228360, 204880.2
903233140, 126927.3
535153150, 162358.4
533212020, 162075.5
909428170, 263587.3
534129060, 209463.8
527163080, 158280.0
908275290, 123712.1
903201020, 118442.1
528431110, 293746.5
903454060, 62972.1
903206120, 179876.4
527131110, 248816.6
906203120, 269862.7
908102140, 116648.3
527107210, 196085.3
923204140, 134070.5
527427200, 190786.9
528186170, 200227.6
906226070, 100594.0
527357110, 136857.1
534278170, 138480.0
534427090, 130281.0
905451390, 163940.0
534152120, 163663.8
535179120, 113374.6
528435060, 261909.9
534427140, 153542.2
903429110, 142053.0
535105110, 156316.0
528366070, 286522.4
534129040, 191734.7
535454070, 120412.3
903429080, 163978.1
906226090, 131496.5
534479130, 146608.5
527451290, 91177.1
527106150, 212556.2
916253320, 211590.3
916455010, 210418.2
907201220, 133144.3
908188150, 143445.4
527325090, 195743.3
906402070, 239129.1
909101010, 145267.3
528221100, 185009.8
528480170, 264203.2
906475110, 223033.2
903228080, 137282.3
528228575, 272770.4
907227080, 119663.1
905109170, 238994.2
528228545, 176807.5
534275010, 134968.9
903425340, 124942.0
902128160, 118503.6
533215040, 245365.5
911202100, 84655.1
528456230, 202846.6
535353160, 114940.0
902100030, 85121.8
528174070, 196759.3
528445070, 235961.5
902105060, 124288.7
909101140, 138670.3
532354160, 125087.8
528138060, 205563.0
527107090, 188963.7
904100090, 177486.8
528458130, 318783.5
535477130, 147197.1
533223010, 174597.2
528108140, 392294.3
907202130, 159333.0
527131030, 261975.8
527453010, 166508.6
907280170, 213730.9
528172030, 301794.4
905480210, 102409.0
902402010, 142009.0
528228555, 184382.1
902404010, 139046.0
907253110, 226343.8
906204150, 271481.9
910201050, 123740.3
528174030, 197435.0
532476050, 294262.7
907265030, 235360.5
902109160, 98557.6
903231240, 94259.8
902103150, 132314.4
528174040, 212321.5
916125425, 251774.7
531478010, 116249.0
916403250, 248228.6
923252080, 125211.7
534175140, 144225.5
902201120, 92805.3
534276190, 101141.1
906392090, 271926.1
916402015, 193602.3
905103110, 126646.0
907203090, 120183.4
903205085, 107488.1
528110080, 334918.6
903225140, 127868.5
903458110, 95969.2
535325350, 128585.2
528439010, 226804.3
535355100, 113835.2
905100060, 143458.1
903231080, 122186.5
902300110, 90550.4
527451460, 110459.3
535475010, 148136.1
528174050, 206897.3
527450250, 100788.9
905351089, 192125.1
535175050, 144397.5
923226270, 95552.1
908226120, 122747.6
531375130, 157284.5
905401020, 260156.1
527356050, 135744.9
534478140, 118292.2
531375120, 159426.7
908201100, 77256.6
535383060, 61638.3
534250370, 299472.5
528116010, 349182.8
921126030, 267585.5
531375100, 171736.0
535150210, 134221.2
535327160, 122721.9
528228440, 182444.1
528120170, 304268.0
527325110, 190039.6
528108010, 249813.4
909251170, 160586.5
528250020, 189642.3
527105060, 183538.5
534426110, 142056.9
534201250, 159786.6
907200170, 136991.8
908102170, 152642.6
535126100, 135726.5
533251130, 202815.2
532354090, 157448.6
905427070, 235316.6
528250010, 177312.3
905101490, 135295.8
527107010, 182697.8
534204120, 151246.7
528480100, 194778.2
535376010, 101061.8
908102260, 152130.0
534104100, 204464.6
909250220, 140958.3
923252075, 132463.1
528480040, 249024.8
903206160, 158542.5
527106050, 168258.5
910226060, 146812.2
902207080, 122118.2
535376100, 96033.5
535450160, 82542.6
908186070, 141827.0
528385050, 257123.9
903200050, 82179.9
903232030, 88805.1
527163100, 182810.4
907255020, 238969.7
528488120, 197033.6
527328050, 168741.0
907192090, 210885.9
907135170, 146326.1
905201090, 157652.5
905107240, 197489.8
907126030, 151623.6
902128150, 158257.5
527132090, 224796.6
534402060, 142918.2
531477040, 137590.7
903430060, 129560.9
907254050, 201749.3
902110080, 129288.4
534451130, 94189.9
528363110, 354982.4
903430040, 78851.1
902306120, 130663.2
528290060, 152781.0
907202220, 135931.3
907192120, 218369.1
924100040, 219444.0
527368010, 227555.2
1007100110, 107741.1
902405100, 148684.9
527216050, 438371.7
527378140, 172250.3
528228430, 200868.5
526353030, 280041.2
528429110, 269162.8
916455120, 243208.6
535353130, 108482.3
910205130, 137994.7
535477090, 118731.7
907251100, 249107.7
527146135, 298035.7
902328100, 140247.4
535180120, 126519.1
528315090, 322453.2
532353030, 146271.8
533130160, 290624.6
531382070, 243003.8
909455060, 148301.9
909452114, 214835.9
909276200, 154389.2
527451540, 102486.9
527455080, 148027.0
528228550, 177958.4
903236130, 180748.0
527453070, 138364.0
535454030, 81762.9
907131060, 175377.4
535425010, 243484.6
534176250, 135174.6
923203090, 156630.4
923400040, 180005.8
535452120, 144288.2
908128100, 187165.4
905402090, 186811.4
907290180, 142311.9
527210060, 375920.1
534200030, 119921.1
535377150, 105212.3
902206020, 71259.5
532477040, 295283.6
535301160, 133308.7
908226130, 79538.3
909101180, 116206.7
914478020, 136292.0
914476010, 182196.4
534430050, 123101.1
907275140, 293295.3
527357020, 152013.4
910203290, 103744.1
528480180, 260949.2
916455150, 303018.7
911104060, 72885.7
906380140, 186736.9
535101020, 175006.0
535125070, 238136.6
909101100, 135713.7
908128060, 190267.6
535477150, 100660.4
905477010, 92032.4
907202050, 150808.7
535454100, 135978.7
535457040, 128980.7
528315030, 315560.3
533236040, 171887.1
907420080, 195036.5
535478010, 131493.3
906420130, 250353.5
534128100, 153816.1
528429050, 234343.9
528275080, 204867.2
903426180, 129532.9
534430080, 139659.2
534400030, 152729.8
534475100, 119829.7
527108090, 263811.4
910202050, 64900.5
535378020, 97803.0
528235130, 193428.6
907290070, 172128.4
909129100, 118909.1
906223080, 227667.8
906425045, 141574.7
905452120, 129336.7
906226100, 112459.8
527162130, 187953.8
528222020, 184083.4
908229020, 88899.4
531363050, 139129.4
528482090, 295782.0
903231060, 39977.2
923227080, 162452.0
914476430, 159038.9
528178090, 358889.3
534178010, 128236.2
528431020, 243794.6
531384070, 201697.5
911370530, 273343.6
905401100, 211306.3
909175080, 63810.9
528386040, 391533.0
533215030, 225200.0
527302080, 254689.2
526301100, 210695.5
906477110, 157657.8
528142020, 269509.4
903430070, 87735.7
527256120, 490966.0
905451330, 163129.0
528354060, 264880.9
923229110, 174717.2
528222090, 183253.2
907290040, 205107.9
534451050, 114926.5
908152270, 158550.4
526302030, 152888.4
535382150, 85064.5
535180020, 166191.9
907401080, 207566.0
902302150, 134832.7
535325320, 125274.7
903233050, 130823.6
916403020, 198700.9
905107320, 133346.6
528186130, 343789.3
907181120, 185678.3
907275030, 213645.5
903456110, 189087.4
906380110, 225941.0
909425010, 246256.9
914453045, 288666.0
906394040, 226212.4
904100100, 221074.7
903233180, 131579.2
905200350, 160622.9
902205090, 111989.6
528235170, 213892.0
535151100, 119622.9
528292040, 184456.5
906203140, 264818.5
910205020, 88992.9
533250130, 262316.7
903225160, 121245.0
907295040, 240967.9
528110100, 384960.8
532376110, 125579.4
528290140, 188230.9
535401140, 139368.5
905226050, 152201.3
534478230, 152163.1
535451190, 116291.2
905476160, 109326.4
907290140, 142621.3
909277100, 146805.5
904101070, 227344.3
534427040, 149981.2
528240020, 191072.3
916455050, 194504.4
903232090, 155563.2
903226130, 116161.0
528250070, 198045.2
528218080, 176099.2
528431080, 224331.3
528431120, 256777.6
528228375, 240446.0
906385020, 176095.4
908103320, 138480.4
527105050, 179607.8
534275170, 134020.8
907202190, 131531.2
534128190, 234356.4
923227030, 152235.3
905426100, 201559.1
906201022, 185189.7
905103140, 163405.0
909251040, 157921.4
916125360, 154938.3
921205070, 298908.6
906340120, 278667.0
905427030, 321168.6
907187080, 190325.5
528231030, 198088.7
911370430, 323900.4
923203100, 175066.2
528366040, 329609.7
902477130, 38171.7
905101310, 125518.6
528275070, 223492.9
531380080, 235155.5
903236010, 131154.5
527163130, 175877.4
909250030, 115073.0
527105070, 190540.3
907131120, 198117.2
911175440, 69502.1
535402120, 162715.7
908250090, 103369.9
527107130, 178208.2
535476360, 214049.8
535452090, 128148.5
535456100, 110402.4
903401070, 143075.1
908154235, 535296.0
909275080, 183816.2
528458070, 202243.3
906380100, 280472.2
535404080, 121304.7
902102080, 128628.4
533254130, 184080.6
528439040, 244504.0
528290120, 172987.6
905202190, 236892.8
902329080, 142526.6
905226130, 154329.5
916382100, 396009.4
903430090, 125991.3
903230100, 102064.9
916386020, 183858.7
906223110, 232771.2
910226040, 157828.4
535125090, 216454.8
528108040, 390622.7
903481120, 112046.1
908152080, 126758.1
531375090, 130038.6
533350050, 303118.7
528456190, 211665.5
527402060, 156244.5
906402200, 325104.3
903454090, 127295.2
533352075, 211799.9
528172060, 238777.8
904100040, 126993.2
533130130, 303453.2
923230040, 163367.1
903235020, 103454.2
902406020, 109548.1
903226170, 131483.0
907175060, 214892.0
528490080, 203565.9
923251160, 107655.0
527452100, 137378.7
906204180, 231402.6
527162180, 166239.1
528118050, 465160.9
905107220, 168572.4
527212050, 338638.2
906402060, 233522.5
902206220, 153616.7
528220040, 177052.5
535402230, 141126.0
905426010, 233579.7
905352030, 210351.9
906392070, 192214.1
909275040, 129124.5
909425130, 193091.7
909101060, 70560.4
905104240, 140405.1
909475040, 352778.0
527105130, 276963.3
907200230, 118961.1
528102110, 445867.1
531475220, 151227.5
907280040, 217142.3
527276150, 111897.7
908225180, 92932.9
534431050, 226474.8
909250060, 196186.5
907410050, 204968.8
534128020, 201812.9
527358140, 215564.1
909475230, 298150.1
914476330, 193402.1
905101450, 150682.3
923252100, 128134.7
533242080, 193535.2
923228370, 91504.9
909100150, 119513.7
534425080, 189577.1
909428120, 229619.6
527108030, 236998.3
923205015, 168190.0
533208080, 160505.5
526354020, 206460.9
905101200, 99149.3
905200260, 157840.5
528228565, 201922.7
534176140, 166643.5
903231190, 115326.3
910203020, 101682.8
902400090, 92768.8
528222010, 274706.6
528102030, 362916.1
909179020, 209417.2
903427120, 142755.0
907412040, 189829.1
535353050, 146801.6
904301410, 95742.0
910200040, 110286.2
905301050, 267015.1
903457130, 115711.8
909250230, 187992.6
907194110, 193914.1
527302110, 231562.1
921205030, 368077.1
528166120, 426798.6
527146030, 239558.1
535426350, 148518.4
902206130, 114143.4
907131190, 186275.2
909254140, 113193.2
905101100, 89217.0
528376010, 310674.2
902329030, 195227.9
535304170, 134622.3
907420050, 185911.1
535380130, 111272.0
528429060, 245876.2
528240040, 168057.6
909428110, 168359.6
909275110, 212609.2
534276010, 111375.0
535425040, 199007.5
902300215, 138196.8
916460070, 200092.4
528429100, 326796.8
903206170, 167513.8
907187040, 232645.0
923227100, 144802.9
903453080, 202343.5
923225260, 168855.5
533212130, 145805.0
907180120, 222781.2
902306130, 140097.2
527254070, 362378.2
904351040, 81753.3
528390210, 241723.0
909428190, 202570.7
528363130, 354815.3
904351280, 125041.3
907262030, 205817.2
923400025, 170581.3
907295020, 225868.6
914452090, 178375.5
535152010, 126081.6
909251030, 136003.4
908228040, 116333.5
528102090, 335606.6
905478030, 143636.6
535402180, 112169.7
923202220, 152959.2
535126010, 194298.0
528482130, 230804.9
909280030, 230774.4
906380050, 212424.8
909252110, 179631.0
906380190, 187909.1
534175100, 164602.6
532476080, 266891.3
903476090, 110565.2
535452140, 115683.7
527455030, 144757.7
531452260, 163967.9
531380110, 194994.4
527110120, 177093.4
535383110, 97136.5
908152180, 150862.2
908186080, 128238.4
902106010, 147024.0
527182020, 164584.4
535403030, 130102.9
923201020, 138024.0
902110120, 124427.8
533215020, 266001.9
906225210, 165473.8
533208090, 177121.7
534400050, 156648.8
534276290, 103136.4
528445020, 222323.5
534403410, 163470.5
533238045, 285553.5
908276230, 115157.4
908203100, 98057.9
531451280, 202699.2
907180050, 184831.0
534403050, 146922.8
907410080, 206853.7
527106010, 217062.2
904302260, 97647.9
528290190, 163791.3
911370500, 295399.3
528292060, 223674.9
535457020, 163728.5
907227060, 146722.7
923275010, 165698.8
528477020, 255545.7
923204150, 129311.3
528106120, 257503.0
532479050, 139517.7
905200100, 143159.0
528176010, 459597.5
906394050, 183200.1
914478045, 143287.1
902125080, 103252.0
528102100, 283132.7
527212030, 445063.8
914452060, 147772.0
902330040, 168252.4
531453140, 154395.7
907227030, 135955.9
534250335, 163334.3
534430090, 125620.5
527108040, 225423.9
909254070, 172584.0
531363080, 142056.7
903201080, 175020.8
916382110, 330517.9
534429030, 93744.1
903475100, 119322.9
534426040, 152481.4
902328040, 138969.0
528174080, 214334.5
902400110, 308836.5
923226150, 147498.7
909277090, 160584.1
907250050, 281681.5
527254020, 329656.5
909276010, 207029.1
535455060, 116900.8
903226060, 173391.6
535325460, 195873.4
533252020, 172558.3
902103170, 94068.4
905105040, 108414.6
908128110, 179111.3
907202080, 135189.4
534127230, 160897.1
905102060, 142702.6
528482010, 259882.2
534430110, 137822.8
533352150, 160632.4
916386140, 218542.1
908188140, 138281.7
531451030, 191459.3
905200490, 137355.9
535302200, 118741.0
907414080, 177442.0
533241010, 203471.1
909256060, 125331.1
527250040, 130261.9
527165010, 194254.9
902300020, 166556.7
528222080, 178073.1
907196020, 220305.4
531371050, 181555.3
534276160, 127576.7
535150280, 129842.7
528315070, 273608.5
907412090, 198203.7
909254050, 204847.5
923229100, 192198.1
528250030, 202809.8
527353080, 174731.3
908152110, 156998.1
528429090, 340957.2
533210060, 168806.1
527225035, 212029.0
